20 19.9 20.9
40 22.15 23.15
60 21.05 22.05
80 18.6 19.6
100 19.55 20.55
120 25.5 26.5
140 25.7 26.7
160 25.35 26.35
180 21.2 22.2
200 35.1 36.1
220 39.0 40.0
240 42.1 43.1
260 37.8 38.8
280 46.2 47.2
300 50.1 51.1
320 54.15 55.15
340 66.1 67.1
360 57.1 58.1
380 54.2 55.2
400 87.25 88.25
420 95.35 96.35
440 105.2 106.2
460 103.6 104.6
480 163.5 164.5
500 166.8 167.8
520 171.65 172.65
540 179.45 180.45
560 183.05 184.05
580 186.3 187.3
600 163.75 164.75
620 158.35 159.35
640 193.65 194.65
660 194.05 195.05
680 194.55 195.55
700 175.1 176.1
720 154.1 155.1
740 181.05 182.05
760 196.25 197.25
780 199.0 200.0
800 198.65 199.65
820 197.15 198.15
840 190.3 191.3
860 194.2 195.2
880 196.65 197.65
900 191.95 192.95
920 181.0 182.0
940 171.3 172.3
960 177.05 178.05
980 191.25 192.25
1000 195.7 196.7
