20 90.5 -182.52269125047457
40 88.4 -142.07658100749646
60 101.95 -157.16179747921905
80 98.1 -125.42519697003203
100 99.3 -126.2790500987054
120 94.5 -122.83034145406025
140 101.95 -120.12422121524375
160 98.1 -87.9229163430067
180 107.5 -83.40587714827129
200 130.85 -65.59427331993955
220 174.85 -45.234892041616156
240 279.45 -80.53933403135537
260 264.55 5.825679003874828
280 259.15 31.11278984942799
300 266.15 58.430387530562236
320 188.4 23.39095918393436
340 214.0 52.48608298531984
360 177.2 43.255533573333445
380 208.2 23.7575895977196
400 224.6 58.9792215696826
420 239.3 82.46920846262245
440 178.55 37.71447711544453
460 246.65 78.9894845199462
480 283.65 89.03662376839684
500 278.15 86.60735876980667
520 274.0 105.15032434751951
540 294.6 102.24258152881103
560 275.25 99.66967223859453
580 271.9 93.98680408948559
600 293.25 132.04182794033505
620 256.55 115.01929873912204
640 282.45 115.5448725607994
660 219.25 40.24351007301
680 200.3 48.50300388501512
700 259.6 118.1059087134374
720 284.2 148.04302553874624
740 287.55 135.02870785167934
760 282.25 137.89797096462098
780 268.65 132.42378513964132
800 289.65 122.34811962796326
820 292.8 105.70894914698142
840 299.0 134.27106567729763
860 299.0 122.5422980272981
880 299.0 143.24652024308125
900 295.25 155.54329722613704
920 252.8 116.05943196128726
940 293.9 156.30281398606854
960 287.95 143.95090474716096
980 290.8 159.98317385059826
1000 289.05 154.06384882757186
1020 291.75 155.01018341282884
1040 289.95 145.39608657572506
1060 270.55 113.55308552186065
1080 291.75 118.80097375892228
1100 288.2 138.66787601260552
1120 291.3 148.64001253804162
1140 275.25 144.29383624297844
1160 268.3 143.0844368533351
1180 285.5 135.83405121751693
1200 220.7 89.97449165451772
1220 299.0 159.98843279534222
1240 256.2 117.57320465766888
1260 285.0 141.18935736713075
1280 243.1 118.29462518117275
1300 285.95 136.22371330910468
1320 245.55 119.08551620731717
1340 273.95 141.42762384754633
1360 256.9 98.29854409632703
1380 259.05 122.9441476105302
1400 272.4 129.14082823293435
1420 282.1 144.02335575819234
1440 244.9 104.22938596416554
1460 267.65 142.15848434399066
1480 228.3 110.00327263397473
1500 265.5 136.9794374746029
1520 279.2 145.06957250191908
1540 232.45 114.49404826858623
1560 237.5 118.42049128992986
1580 230.55 120.87003507494929
1600 236.95 103.37934361110767
1620 247.45 109.25674796022811
1640 257.8 127.43180149227972
1660 291.75 140.80270039344077
1680 246.0 107.82759557305685
1700 263.7 101.95044573825527
1720 267.35 121.15441768787744
1740 268.15 121.86031443481696
1760 267.75 109.03605238775897
1780 246.95 103.6063729638533
1800 281.45 119.62887350371724
1820 260.8 115.1486858835556
1840 273.9 125.6224385610432
1860 284.5 125.9211029275729
1880 274.8 135.24308613196467
1900 281.45 133.099307617126
1920 268.6 140.8804790650025
1940 260.1 135.02859161218277
1960 257.05 130.96775200157325
1980 278.85 151.98971620285755
2000 237.75 117.52929528219131
